0 0.236824 0.522215 0.040461 0.061653
0 0.265922 0.484535 0.041625 0.045208
0 0.229504 0.450278 0.044320 0.049333
0 0.443918 0.460528 0.045961 0.053056
0 0.409402 0.675194 0.059086 0.113833
0 0.284801 0.690958 0.060633 0.132806
0 0.340656 0.542938 0.051359 0.061986
0 0.850840 0.694007 0.089523 0.083181
0 0.521508 0.653722 0.071312 0.110250
0 0.267227 0.587076 0.047422 0.076542
0 0.715336 0.513646 0.055375 0.059792
0 0.456187 0.604014 0.051344 0.077194
0 0.774734 0.870417 0.118641 0.148306
0 0.703223 0.597431 0.072461 0.094861
0 0.573770 0.489000 0.054180 0.067667
0 0.248906 0.911806 0.117969 0.176389
0 0.362703 0.436583 0.040141 0.047306
0 0.313070 0.426424 0.029781 0.041597
0 0.675516 0.953090 0.137141 0.089958
0 0.877773 0.645674 0.082687 0.071264
0 0.421629 0.537389 0.069617 0.092833
0 0.495391 0.550646 0.058016 0.086931
