0 0.616543 0.497646 0.051570 0.059653
0 0.465062 0.453250 0.041531 0.047889
0 0.659449 0.469271 0.062664 0.060069
0 0.515547 0.430299 0.049594 0.057431
0 0.379172 0.512653 0.047344 0.067194
0 0.544852 0.585250 0.061609 0.089500
0 0.463703 0.521806 0.057109 0.077472
0 0.324320 0.449000 0.045828 0.057444
0 0.329945 0.537979 0.045734 0.079292
0 0.231086 0.466458 0.035953 0.044306
0 0.385199 0.481694 0.041633 0.046889
0 0.236008 0.441479 0.036922 0.034542
0 0.254883 0.404472 0.025812 0.037500
0 0.224352 0.407924 0.028594 0.036514
0 0.275195 0.463972 0.041531 0.036917
0 0.268883 0.435375 0.035016 0.033306
0 0.297484 0.404431 0.028297 0.027861
0 0.438078 0.582187 0.048578 0.062819
0 0.623305 0.679708 0.078016 0.101861
0 0.292566 0.503799 0.040148 0.049764
0 0.552844 0.472118 0.052297 0.055625
0 0.262273 0.898542 0.121719 0.191667
0 0.778332 0.642958 0.087617 0.117111
0 0.842543 0.615944 0.072773 0.069472
0 0.285625 0.625569 0.053938 0.103528
0 0.736105 0.518403 0.052773 0.050639
0 0.700043 0.537701 0.057023 0.058625
0 0.476270 0.632667 0.059898 0.081889
