0 0.657918 0.699174 0.088586 0.113542
0 0.369398 0.587653 0.046719 0.076750
0 0.401004 0.677424 0.060992 0.114903
0 0.544996 0.502125 0.044727 0.050056
0 0.308668 0.521285 0.039961 0.057486
0 0.920125 0.651618 0.100234 0.102764
0 0.498109 0.628722 0.066484 0.102194
0 0.597602 0.826569 0.094047 0.139778
0 0.766156 0.634431 0.077375 0.100806
0 0.625809 0.511181 0.057867 0.063750
0 0.649141 0.572500 0.071719 0.070000
0 0.544449 0.452007 0.053289 0.050375
0 0.418750 0.431250 0.039375 0.049444
0 0.872836 0.918958 0.146828 0.162083
0 0.708914 0.504514 0.066703 0.071806
0 0.443539 0.502944 0.049437 0.066778
0 0.664809 0.964389 0.118648 0.071222
0 0.530910 0.582458 0.058758 0.082361
0 0.374387 0.517799 0.046258 0.054819
0 0.331855 0.482875 0.043773 0.053944
0 0.259973 0.478889 0.040289 0.049528
0 0.380105 0.474472 0.046758 0.060139
0 0.251516 0.443514 0.043281 0.049528
0 0.214953 0.410354 0.032828 0.039792
0 0.470145 0.454569 0.047758 0.052167
0 0.466492 0.419563 0.044266 0.038514
0 0.344512 0.422910 0.037680 0.036847
