0 0.682031 0.497563 0.052500 0.052875
0 0.258871 0.546056 0.041852 0.098833
0 0.955594 0.604542 0.060469 0.071000
0 0.342051 0.432111 0.035320 0.038028
0 0.389559 0.432104 0.037805 0.046875
0 0.508113 0.420722 0.110695 0.110944
0 0.564953 0.480812 0.063891 0.067347
0 0.274098 0.487417 0.048289 0.048861
0 0.320156 0.478174 0.042344 0.048875
0 0.373652 0.509868 0.048289 0.062069
0 0.256641 0.935743 0.141156 0.124292
0 0.472828 0.962819 0.120359 0.072778
0 0.625867 0.876375 0.126297 0.198111
0 0.709703 0.551840 0.060687 0.062014
0 0.821996 0.559021 0.068773 0.055764
0 0.424316 0.566549 0.052336 0.080403
0 0.332496 0.536979 0.043039 0.062375
0 0.778430 0.655236 0.084578 0.071583
0 0.800590 0.506889 0.063258 0.047667
0 0.653047 0.431743 0.135625 0.106819
0 0.572457 0.526278 0.050383 0.062167
0 0.303668 0.655382 0.056883 0.103681
