0 0.323387 0.422160 0.036336 0.033458
0 0.263359 0.547333 0.047375 0.069222
0 0.214238 0.893333 0.139695 0.211694
0 0.485961 0.466681 0.033984 0.043111
0 0.555629 0.460847 0.035242 0.038972
0 0.282715 0.652715 0.056102 0.099875
0 0.323359 0.515882 0.047531 0.090819
0 0.502848 0.649896 0.069930 0.107847
0 0.245195 0.468882 0.037844 0.045958
0 0.474445 0.467375 0.056922 0.043306
0 0.394832 0.428819 0.024664 0.036250
0 0.354004 0.435833 0.028867 0.038056
0 0.825617 0.553174 0.072453 0.071042
0 0.765852 0.602361 0.068687 0.075500
0 0.559059 0.775174 0.082117 0.124764
0 0.835090 0.689382 0.090305 0.084542
0 0.430762 0.942646 0.146039 0.114431
0 0.969137 0.716264 0.061727 0.122750
0 0.615430 0.505208 0.051953 0.065694
0 0.621574 0.451576 0.057758 0.050764
0 0.383414 0.484458 0.047375 0.051917
