0 0.454605 0.949424 0.130461 0.095042
0 0.496855 0.478472 0.043711 0.058333
0 0.635223 0.558056 0.058961 0.068889
0 0.772852 0.652861 0.078312 0.090583
0 0.596320 0.461632 0.040484 0.050069
0 0.241793 0.409292 0.024930 0.036000
0 0.265941 0.405479 0.031164 0.042236
0 0.762918 0.409319 0.037430 0.050444
0 0.686523 0.742688 0.090188 0.116347
0 0.271941 0.832722 0.080508 0.161889
0 0.275813 0.707993 0.062688 0.101264
0 0.608117 0.889674 0.110719 0.182292
0 0.768801 0.568944 0.067367 0.067306
0 0.191938 0.394743 0.022594 0.031847
0 0.814422 0.519597 0.059906 0.057917
0 0.481750 0.612028 0.073062 0.100056
0 0.377340 0.618174 0.062695 0.103569
0 0.309461 0.469847 0.048375 0.045639
0 0.273422 0.485646 0.041469 0.052653
0 0.240352 0.534799 0.042453 0.059681
0 0.432238 0.435764 0.036352 0.043861
0 0.397504 0.449903 0.040898 0.038667
0 0.961559 0.700417 0.072492 0.098889
0 0.556055 0.463750 0.056484 0.058611
0 0.324023 0.426563 0.041797 0.031458
