0 0.697781 0.591556 0.142875 0.134139
0 0.745027 0.559569 0.055695 0.054778
0 0.396125 0.691528 0.059344 0.093444
0 0.659371 0.514181 0.059820 0.047861
0 0.509914 0.448333 0.119469 0.160306
0 0.429891 0.504437 0.051094 0.064125
0 0.368652 0.510451 0.053352 0.065458
0 0.267316 0.539250 0.040164 0.069194
0 0.620637 0.550562 0.052273 0.055542
0 0.866848 0.720812 0.096039 0.097514
0 0.346488 0.430972 0.037570 0.048083
0 0.502387 0.557340 0.049195 0.063097
0 0.438906 0.442993 0.039078 0.050764
0 0.240484 0.467014 0.041906 0.067083
0 0.206988 0.482340 0.045086 0.060264
0 0.562352 0.514104 0.048672 0.048569
0 0.222883 0.422285 0.039828 0.044069
0 0.289469 0.501903 0.037484 0.041806
0 0.779273 0.545604 0.044672 0.039958
