0 0.292461 0.439875 0.046953 0.043000
0 0.734758 0.800847 0.134281 0.201472
0 0.402383 0.418215 0.058094 0.072792
0 0.371434 0.472396 0.047617 0.055875
0 0.433336 0.503715 0.053328 0.077875
0 0.388586 0.631569 0.089547 0.204806
0 0.260785 0.484833 0.037258 0.045528
0 0.736289 0.495903 0.065859 0.065417
0 0.260789 0.406757 0.036094 0.042319
0 0.333816 0.486021 0.042555 0.046042
0 0.322051 0.417250 0.041477 0.034167
0 0.913605 0.577306 0.082945 0.086500
0 0.544289 0.738840 0.073797 0.120931
0 0.251699 0.551090 0.041086 0.049458
0 0.897281 0.457708 0.070922 0.086528
0 0.508844 0.561340 0.054641 0.073236
0 0.292254 0.506646 0.039008 0.062097
0 0.328020 0.541375 0.038570 0.062972
0 0.301063 0.596229 0.042797 0.074347
0 0.748547 0.577972 0.070609 0.064361
0 0.431930 0.567625 0.045406 0.070361
0 0.293238 0.778486 0.072430 0.150000
