0 0.261852 0.553479 0.051109 0.062569
0 0.528711 0.726479 0.068359 0.103097
0 0.718422 0.604090 0.064609 0.080347
0 0.850078 0.562396 0.061766 0.079153
0 0.785410 0.561993 0.099039 0.095264
0 0.276934 0.604681 0.046836 0.076667
0 0.456922 0.587201 0.055906 0.070347
0 0.591023 0.523118 0.037328 0.045514
0 0.386320 0.626479 0.060344 0.094069
0 0.482926 0.471910 0.041492 0.029542
0 0.575605 0.480167 0.052039 0.051056
0 0.613719 0.476444 0.036594 0.034639
0 0.306184 0.413299 0.020102 0.019597
0 0.482750 0.459958 0.040453 0.051111
0 0.185898 0.383757 0.027156 0.040375
0 0.212309 0.399556 0.029617 0.043889
0 0.251805 0.393854 0.035547 0.044764
0 0.407664 0.432597 0.032781 0.040972
0 0.374887 0.439424 0.037383 0.047347
0 0.782891 0.429139 0.051172 0.082694
0 0.814293 0.907889 0.169805 0.184222
0 0.434387 0.924826 0.143539 0.150319
0 0.264574 0.483465 0.046508 0.065542
0 0.347527 0.489049 0.047336 0.063319
