0 0.433848 0.895687 0.112992 0.208625
0 0.595996 0.641722 0.087008 0.114500
0 0.344582 0.490056 0.040680 0.068306
0 0.293168 0.465951 0.050852 0.060264
0 0.253621 0.404674 0.037289 0.054236
0 0.190586 0.392431 0.027109 0.036528
0 0.307414 0.529340 0.047016 0.072653
0 0.239656 0.521167 0.040266 0.063167
0 0.853082 0.942514 0.107055 0.108250
0 0.562094 0.485028 0.053109 0.062278
0 0.639145 0.561507 0.038602 0.050625
0 0.830715 0.612056 0.071617 0.062139
0 0.382117 0.624201 0.050766 0.077236
0 0.568312 0.446868 0.054234 0.042181
0 0.340457 0.421069 0.031586 0.039028
0 0.668086 0.521965 0.043828 0.044931
0 0.423809 0.421687 0.037070 0.034153
0 0.507133 0.464465 0.040359 0.037986
0 0.874926 0.697778 0.079148 0.081972
0 0.273965 0.839493 0.085648 0.135764
