0 0.254203 0.457160 0.035641 0.043681
0 0.595125 0.528715 0.048922 0.060597
0 0.839027 0.618604 0.091758 0.080875
0 0.499820 0.556868 0.065250 0.073042
0 0.491508 0.462472 0.038531 0.040222
0 0.626020 0.499549 0.052102 0.053181
0 0.447813 0.457743 0.046500 0.048264
0 0.440617 0.581764 0.052109 0.067083
0 0.342871 0.543014 0.040086 0.067778
0 0.532348 0.678472 0.070008 0.121944
0 0.353422 0.470840 0.048797 0.066292
0 0.286590 0.595132 0.079273 0.178903
0 0.248246 0.522778 0.051320 0.094444
0 0.718574 0.556819 0.072773 0.086917
0 0.833730 0.548000 0.092133 0.089472
0 0.244680 0.434222 0.043625 0.043694
0 0.431457 0.426028 0.038711 0.053528
0 0.517164 0.446236 0.051609 0.054611
0 0.326395 0.415653 0.030102 0.037139
0 0.284215 0.401090 0.031820 0.040014
0 0.364156 0.433514 0.038031 0.041389
