0 0.676910 0.580743 0.062211 0.066819
0 0.522504 0.693181 0.066523 0.116250
0 0.682719 0.721694 0.086203 0.128083
0 0.811191 0.677083 0.085023 0.114167
0 0.889426 0.951458 0.145211 0.092083
0 0.328422 0.548972 0.049500 0.068556
0 0.238348 0.526972 0.040867 0.061389
0 0.287559 0.630312 0.052945 0.083903
0 0.274895 0.590410 0.046039 0.061403
0 0.341086 0.490132 0.046047 0.059347
0 0.501090 0.485528 0.054102 0.056278
0 0.442957 0.461486 0.043742 0.053194
0 0.545117 0.581701 0.076547 0.109514
0 0.314094 0.414854 0.033125 0.034403
0 0.265281 0.447694 0.044562 0.043778
0 0.201371 0.475056 0.041039 0.056806
0 0.473574 0.429299 0.056461 0.056792
0 0.539676 0.437889 0.047523 0.050194
0 0.679047 0.958306 0.122031 0.082361
0 0.936516 0.692208 0.085641 0.076556
0 0.282738 0.782111 0.078508 0.169556
0 0.663152 0.476292 0.043758 0.030861
0 0.929129 0.608486 0.083602 0.075306
0 0.397578 0.657521 0.069687 0.137236
0 0.596523 0.529813 0.038641 0.048931
0 0.610254 0.474090 0.050336 0.051625
0 0.447281 0.573403 0.053781 0.065833
0 0.979398 0.580125 0.041125 0.071694
